tema2_neopt
13
400 1.131579
500 2.135753
600 3.740398
700 6.056397
800 9.059998
900 12.407013
1000 16.973560
1100 22.620001
1200 29.489576
1300 37.762611
1400 47.302887
1500 60.265022
1600 80.550270
tema2_blas
13
400 0.068294
500 0.101804
600 0.134249
700 0.208201
800 0.310371
900 0.439441
1000 0.605007
1100 0.828472
1200 1.039008
1300 1.318242
1400 1.644831
1500 2.015105
1600 2.450037
tema2_opt_m
13
400 0.304066
500 0.496080
600 0.953496
700 1.370739
800 2.162890
900 2.897276
1000 3.910847
1100 5.249249
1200 7.108252
1300 9.530455
1400 11.598273
1500 16.453541
1600 22.307413
