$ 1 0.000005 0.22070718156067046 58 5 50
162 544 208 608 240 2 default-led 1 0 0 0.01
162 544 256 608 288 2 default-led 1 0 0 0.01
162 544 304 608 336 2 default-led 1 0 0 0.01
162 544 352 608 384 2 default-led 1 0 0 0.01
162 544 400 608 432 2 default-led 1 0 0 0.01
162 544 448 608 480 2 default-led 1 0 0 0.01
162 544 496 608 528 2 default-led 1 0 0 0.01
162 544 544 608 576 2 default-led 1 0 0 0.01
162 640 544 704 576 2 default-led 1 0 0 0.01
162 640 496 704 528 2 default-led 1 0 0 0.01
162 640 448 704 480 2 default-led 1 0 0 0.01
162 640 400 704 432 2 default-led 1 0 0 0.01
162 640 352 704 384 2 default-led 1 0 0 0.01
162 640 304 704 336 2 default-led 1 0 0 0.01
162 640 256 704 288 2 default-led 1 0 0 0.01
162 640 208 704 240 2 default-led 1 0 0 0.01
162 736 544 800 576 2 default-led 1 0 0 0.01
162 736 496 800 528 2 default-led 1 0 0 0.01
162 736 448 800 480 2 default-led 1 0 0 0.01
162 736 400 800 432 2 default-led 1 0 0 0.01
162 736 352 800 384 2 default-led 1 0 0 0.01
162 736 304 800 336 2 default-led 1 0 0 0.01
162 736 256 800 288 2 default-led 1 0 0 0.01
162 736 208 800 240 2 default-led 1 0 0 0.01
162 832 544 896 576 2 default-led 1 0 0 0.01
162 832 496 896 528 2 default-led 1 0 0 0.01
162 832 448 896 480 2 default-led 1 0 0 0.01
162 832 400 896 432 2 default-led 1 0 0 0.01
162 832 352 896 384 2 default-led 1 0 0 0.01
162 832 304 896 336 2 default-led 1 0 0 0.01
162 832 256 896 288 2 default-led 1 0 0 0.01
162 832 208 896 240 2 default-led 1 0 0 0.01
162 928 544 992 576 2 default-led 1 0 0 0.01
162 928 496 992 528 2 default-led 1 0 0 0.01
162 928 448 992 480 2 default-led 1 0 0 0.01
162 928 400 992 432 2 default-led 1 0 0 0.01
162 928 352 992 384 2 default-led 1 0 0 0.01
162 928 304 992 336 2 default-led 1 0 0 0.01
162 928 256 992 288 2 default-led 1 0 0 0.01
162 928 208 992 240 2 default-led 1 0 0 0.01
162 1024 544 1088 576 2 default-led 1 0 0 0.01
162 1024 496 1088 528 2 default-led 1 0 0 0.01
162 1024 448 1088 480 2 default-led 1 0 0 0.01
162 1024 400 1088 432 2 default-led 1 0 0 0.01
162 1024 352 1088 384 2 default-led 1 0 0 0.01
162 1024 304 1088 336 2 default-led 1 0 0 0.01
162 1024 256 1088 288 2 default-led 1 0 0 0.01
162 1024 208 1088 240 2 default-led 1 0 0 0.01
162 1120 544 1184 576 2 default-led 1 0 0 0.01
162 1120 496 1184 528 2 default-led 1 0 0 0.01
162 1120 448 1184 480 2 default-led 1 0 0 0.01
162 1120 400 1184 432 2 default-led 1 0 0 0.01
162 1120 352 1184 384 2 default-led 1 0 0 0.01
162 1120 304 1184 336 2 default-led 1 0 0 0.01
162 1120 256 1184 288 2 default-led 1 0 0 0.01
162 1120 208 1184 240 2 default-led 1 0 0 0.01
162 1216 544 1280 576 2 default-led 1 0 0 0.01
162 1216 496 1280 528 2 default-led 1 0 0 0.01
162 1216 448 1280 480 2 default-led 1 0 0 0.01
162 1216 400 1280 432 2 default-led 1 0 0 0.01
162 1216 352 1280 384 2 default-led 1 0 0 0.01
162 1216 304 1280 336 2 default-led 1 0 0 0.01
162 1216 256 1280 288 2 default-led 1 0 0 0.01
162 1216 208 1280 240 2 default-led 1 0 0 0.01
w 544 208 544 256 0
w 544 256 544 304 0
w 544 304 544 352 0
w 544 352 544 400 0
w 544 400 544 448 0
w 544 448 544 496 0
w 544 496 544 544 0
w 640 544 640 496 0
w 640 448 640 496 0
w 640 400 640 448 0
w 640 352 640 400 0
w 640 304 640 352 0
w 640 256 640 304 0
w 640 208 640 256 0
w 736 208 736 256 0
w 736 256 736 304 0
w 736 304 736 352 0
w 736 352 736 400 0
w 736 400 736 448 0
w 736 448 736 496 0
w 736 496 736 544 0
w 832 208 832 256 0
w 832 256 832 304 0
w 832 304 832 352 0
w 832 352 832 400 0
w 832 400 832 448 0
w 832 448 832 496 0
w 832 496 832 544 0
w 928 208 928 256 0
w 928 256 928 304 0
w 928 304 928 352 0
w 928 352 928 400 0
w 928 400 928 448 0
w 928 448 928 496 0
w 928 496 928 544 0
w 1024 208 1024 256 0
w 1024 256 1024 304 0
w 1024 304 1024 352 0
w 1024 352 1024 400 0
w 1024 400 1024 448 0
w 1024 448 1024 496 0
w 1024 496 1024 544 0
w 1120 208 1120 256 0
w 1120 256 1120 304 0
w 1120 304 1120 352 0
w 1120 352 1120 400 0
w 1120 400 1120 448 0
w 1120 448 1120 496 0
w 1120 496 1120 544 0
w 1216 208 1216 256 0
w 1216 256 1216 304 0
w 1216 304 1216 352 0
w 1216 352 1216 400 0
w 1216 400 1216 448 0
w 1216 448 1216 496 0
w 1216 496 1216 544 0
w 608 576 704 576 0
w 704 576 800 576 0
w 800 576 896 576 0
w 896 576 992 576 0
w 992 576 1088 576 0
w 1088 576 1184 576 0
w 1184 576 1280 576 0
w 608 528 704 528 0
w 704 528 800 528 0
w 800 528 896 528 0
w 896 528 992 528 0
w 992 528 1088 528 0
w 1088 528 1184 528 0
w 1184 528 1280 528 0
w 1280 576 1328 576 0
w 1280 528 1328 528 0
w 608 480 704 480 0
w 704 480 800 480 0
w 800 480 896 480 0
w 896 480 992 480 0
w 992 480 1088 480 0
w 1088 480 1184 480 0
w 1184 480 1280 480 0
w 1280 480 1328 480 0
w 608 432 704 432 0
w 704 432 800 432 0
w 800 432 896 432 0
w 896 432 992 432 0
w 992 432 1088 432 0
w 1088 432 1184 432 0
w 1184 432 1280 432 0
w 1280 432 1328 432 0
w 608 384 704 384 0
w 704 384 800 384 0
w 800 384 896 384 0
w 896 384 992 384 0
w 992 384 1088 384 0
w 1088 384 1184 384 0
w 1184 384 1280 384 0
w 1280 384 1328 384 0
w 608 336 704 336 0
w 704 336 800 336 0
w 800 336 896 336 0
w 896 336 992 336 0
w 992 336 1088 336 0
w 1088 336 1184 336 0
w 1184 336 1280 336 0
w 1280 336 1328 336 0
w 608 288 704 288 0
w 704 288 800 288 0
w 800 288 896 288 0
w 896 288 992 288 0
w 992 288 1088 288 0
w 1088 288 1184 288 0
w 1184 288 1280 288 0
w 1280 288 1328 288 0
w 608 240 704 240 0
w 704 240 800 240 0
w 800 240 896 240 0
w 896 240 992 240 0
w 992 240 1088 240 0
w 1088 240 1184 240 0
w 1184 240 1280 240 0
w 1280 240 1328 240 0
w 544 208 544 160 0
w 640 208 640 160 0
w 736 208 736 160 0
w 832 208 832 160 0
w 928 208 928 160 0
w 1024 208 1024 160 0
w 1120 208 1120 160 0
w 1216 208 1216 160 0
s 1328 480 1408 480 0 0 false
s 1328 432 1408 432 0 1 false
s 1328 384 1408 384 0 1 false
s 1328 336 1408 336 0 1 false
s 1328 288 1408 288 0 0 false
s 1328 240 1408 240 0 1 false
s 1328 528 1408 528 0 1 false
s 1328 576 1408 576 0 1 false
r 544 160 544 96 0 1000
r 640 160 640 96 0 1000
r 736 160 736 96 0 1000
r 832 160 832 96 0 1000
r 928 160 928 96 0 1000
r 1024 160 1024 96 0 1000
r 1120 160 1120 96 0 1000
r 1216 160 1216 96 0 1000
s 1216 96 1216 32 0 1 false
s 1120 96 1120 32 0 1 false
s 1024 96 1024 32 0 1 false
s 928 96 928 32 0 1 false
s 832 96 832 32 0 1 false
s 736 96 736 32 0 1 false
s 640 96 640 32 0 1 false
s 544 96 544 32 0 1 false
w 1408 240 1408 288 0
w 1408 288 1408 336 0
w 1408 336 1408 384 0
w 1408 384 1408 432 0
w 1408 432 1408 480 0
w 1408 480 1408 528 0
w 1408 528 1408 576 0
w 1216 32 1120 32 0
w 1120 32 1024 32 0
w 1024 32 928 32 0
w 928 32 832 32 0
w 832 32 736 32 0
w 736 32 640 32 0
w 640 32 544 32 0
w 1216 32 1312 32 0
w 1408 576 1408 624 0
g 1408 624 1408 672 0
R 1312 32 1376 32 0 0 40 5 0 0 0.5
