$ 1 0.000005 54.00526672067058 39 5 50
r 704 256 848 256 0 1000
w 704 352 848 352 0
w 848 256 928 256 0
w 848 352 928 352 0
c 848 256 848 352 0 0.000001 -5.07890647943305
p 928 256 928 352 1 0
v 704 352 704 256 0 1 25 15 0 0 0.5
w 704 352 544 352 0
w 544 352 464 352 0
w 544 256 464 256 0
r 544 256 544 352 0 10000
c 544 256 704 256 0 0.000009999999999999999 -0.8027325287600231
p 464 256 464 352 1 0
403 944 224 1264 400 0 5_64_0_4106_24.906941603007446_0.0001_0_1
403 48 224 432 400 0 12_64_0_4106_20_0.1_1_1
403 512 384 896 480 0 6_64_0_4106_20_0.025_0_2_6_3
