$ 1 0.000005 10.20027730826997 50 5 50
L 304 304 176 304 0 0 false 5 0
L 304 368 176 368 0 0 false 5 0
150 480 272 624 272 0 2 0 5
w 304 304 304 256 0
w 304 256 480 256 0
w 304 368 336 368 0
w 336 368 336 288 0
w 336 288 480 288 0
152 480 416 624 416 0 2 0 5
w 336 368 336 432 0
w 336 432 480 432 0
w 304 304 400 304 0
w 400 304 400 400 0
w 400 400 480 400 0
I 624 416 736 416 0 0.5 5
152 768 336 912 336 0 2 5 5
w 736 416 736 352 0
w 736 352 768 352 0
w 624 272 624 320 0
w 624 320 768 320 0
M 912 336 1008 336 0 2.5
