$ 1 0.000005 10.20027730826997 50 5 50
L 352 288 224 288 0 1 false 5 0
L 352 336 224 336 0 0 false 5 0
L 352 384 224 384 0 0 false 5 0
150 528 224 720 224 0 3 0 5
w 352 288 352 208 0
w 352 208 528 208 0
w 352 336 368 336 0
w 368 336 368 224 0
w 368 224 528 224 0
w 352 384 384 384 0
w 384 384 384 240 0
w 384 240 528 240 0
152 496 432 608 432 0 2 0 5
w 368 336 464 336 0
w 464 336 464 416 0
w 464 416 496 416 0
w 384 384 448 384 0
w 448 384 448 448 0
w 448 448 496 448 0
I 608 432 720 432 0 0.5 5
I 576 336 720 336 0 0.5 5
w 352 288 560 288 0
w 560 288 560 336 0
w 560 336 576 336 0
152 720 384 864 384 0 2 5 5
w 720 432 720 400 0
w 720 336 720 368 0
152 928 304 1120 304 0 2 5 5
w 720 224 928 224 0
w 928 224 928 288 0
w 864 384 928 384 0
w 928 384 928 320 0
M 1120 304 1232 304 0 2.5
