$ 1 0.000005 10.20027730826997 50 5 50
L 176 304 96 304 0 1 false 5 0
L 176 368 96 368 0 0 false 5 0
L 176 432 96 432 0 0 false 5 0
150 448 272 608 272 0 3 0 5
w 176 304 176 256 0
w 176 256 448 256 0
w 176 368 192 368 0
w 192 368 192 272 0
w 192 272 448 272 0
w 176 432 208 432 0
w 208 432 208 288 0
w 208 288 448 288 0
I 320 448 416 448 0 0.5 5
I 320 512 416 512 0 0.5 5
w 192 368 320 368 0
w 320 368 320 448 0
w 208 432 288 432 0
w 288 432 288 512 0
w 288 512 320 512 0
152 512 480 640 480 0 2 5 5
w 416 448 416 464 0
w 416 464 512 464 0
w 416 512 416 496 0
w 416 496 512 496 0
150 640 384 784 384 0 2 5 5
w 640 480 640 416 0
w 640 416 640 400 0
w 176 304 176 320 0
w 176 320 464 320 0
w 464 320 464 368 0
w 464 368 640 368 0
w 608 272 832 272 0
w 832 272 832 320 0
w 832 320 864 320 0
w 784 384 832 384 0
w 832 384 832 352 0
w 832 352 864 352 0
152 864 336 1008 336 0 2 5 5
M 1008 336 1104 336 0 2.5
